/*********************************************
 * OPL 12.2 Data
 * Author: mireia.roca
 * Creation Date: 14/03/13
*********************************************/


Id=243;
c= 4;
n=100;
td=[ 14 26  9 14 20 21 22  8 20 17 29 15 18 21 17 21  5 18 11 18 15 20 25 18 19 12 23  9 18 16 17 20 25 20 17 21 25 16 13 18 15 20 30 19 18 18 20 22 24 14 20 23 21 29 14 24 18 21 24 14 15 19 23 26 13 14 18 20 20 12 14 19 25 16 18 19 20 12 14 18 30 29 10 10 26 13 18 29 14 13 17 18 10 18 19 27 18 19 25 21];
a=[ 500 500 510 540 540 540 540 550 550 550 560 570 570 570 570 580 580 580 590 590 600 610 610 620 620 630 630 640 640 650 650 650 650 660 670 680 680 680 690 690 700 700 700 710 720 720 720 730 730 740 930 930 940 950 960 960 970 970 970 980 980 980 980 980 990 990 990 990 990 1000 1010 1010 1010 1010 1010 1010 1010 1020 1020 1020 1020 1020 1030 1030 1030 1040 1040 1040 1040 1050 1050 1050 1070 1070 1070 1070 1080 1080 1080 1100];
b=[ 560 560 590 600 600 600 600 590 590 630 620 610 610 610 650 600 640 640 630 670 660 650 650 680 680 710 710 700 700 690 690 730 730 720 710 700 700 740 730 730 760 760 760 750 780 780 780 810 810 800 990 990 1020 1010 1000 1000 1030 1030 1030 1020 1020 1020 1020 1020 1050 1050 1050 1050 1050 1080 1030 1030 1030 1070 1070 1070 1070 1060 1060 1060 1060 1100 1090 1090 1090 1080 1080 1080 1120 1110 1110 1110 1130 1130 1130 1130 1120 1120 1120 1140];
