/*********************************************
 * OPL 12.2 Data
 * Author: mireia.roca
 * Creation Date: 14/03/13
*********************************************/


Id=202;
c= 4;
n= 75;
td=[ 15 27 17 28 15 21 28 17 20 31  7  7 18 19 20 18 27 18 11 15 16 26 14 20 24 20 12 20 23  8 22 23 23 23 25 26 21 25 26 13 16 18 19 27 25 12 14 11 20 22 29 12 21 17  6 24 24 28 10 13 21 18 12 15 24 17 22 28 22 27 15 20 21 12 21];
a=[ 500 500 520 520 530 540 540 550 550 550 560 560 560 560 560 570 570 570 580 580 580 580 590 590 590 590 600 600 600 600 600 600 600 600 600 600 610 610 620 620 620 620 620 620 630 640 640 640 640 640 640 650 650 650 660 660 660 660 670 670 670 670 680 680 680 690 700 710 720 720 730 730 740 760 760];
b=[ 560 560 580 580 610 600 600 590 590 590 580 620 620 620 620 610 610 650 640 640 640 640 630 630 630 670 620 620 620 660 660 660 660 660 660 660 650 650 640 680 680 680 680 680 670 660 660 700 700 700 700 690 690 730 720 720 720 720 710 710 710 750 740 740 740 730 760 790 780 780 770 810 800 820 820];
