/*********************************************
 * OPL 12.2 Data
 * Author: mireia.roca
 * Creation Date: 27/03/13
*********************************************/


Id=316;
c= 3;
n= 31;
td=[ 13 14 17 18 22 17 29 11 13 15 22 15 18 20 21 25 28 11 23 22 24  8 18 15 16 24 28 24 28 16 11];
a=[ 500 500 500 500 500 520 520 540 540 540 540 560 560 560 560 560 560 570 590 600 600 610 620 640 640 640 640 650 650 710 730];
b=[ 560 560 560 560 560 580 580 600 600 600 600 620 620 620 620 620 620 610 630 660 660 650 640 700 700 700 700 690 730 750 770];
