/*********************************************
 * OPL 12.2 Data
 * Author: mireia.roca
 * Creation Date: 14/03/13
*********************************************/


Id=208;
c= 3;
n= 42;
td=[ 21 19 24 26 26 19 15 25 26 14 13 18 12 17 10 19 23 15 10 13 21 27 19 18 18 20 22 18 20 22 15 25 13 17 22 23 24 19 24 17 22 20];
a=[ 510 520 540 540 540 550 560 560 560 580 590 590 600 600 610 610 610 620 620 620 630 630 640 640 640 640 640 660 660 660 670 670 680 680 700 700 700 710 720 720 720 760];
b=[ 590 540 600 600 600 590 620 620 620 640 630 670 660 660 650 650 650 640 680 680 670 710 660 700 700 700 700 680 720 720 710 710 700 740 760 760 760 750 740 780 780 820];
