/*********************************************
 * OPL 12.2 Data
 * Author: mireia.roca
 * Creation Date: 14/03/13
*********************************************/


Id=227;
c= 8;
n= 75;
td=[ 27 14 11 23 14 13 14 17 19 19 25 16 20 22 25 12 13 19 19 24 11 17 12 13 18 19 19 24 26 16 21 25 26 12 25 15 19 28 16 21 21 23 15 19 19 29  9 14 18 21 23 24 18 19 19 15 15 16 24 10 21 21 21 15 28 23 21 26 24 22 10 11 22 21 23];
a=[ 470 480 500 500 510 520 520 530 530 530 530 540 540 540 540 550 550 550 550 550 550 550 560 560 560 560 560 560 560 570 570 570 570 570 570 580 580 580 590 590 590 590 600 600 600 600 610 610 610 610 620 620 630 630 640 640 640 640 640 650 650 650 660 670 680 690 690 690 700 700 740 740 740 750 760];
b=[ 550 540 560 560 590 580 580 570 570 570 610 600 600 600 600 590 590 590 590 590 630 630 620 620 620 620 620 620 620 610 610 610 610 650 650 640 640 640 630 630 630 630 660 660 660 660 650 650 650 650 680 680 670 670 660 700 700 700 700 690 690 690 680 710 740 730 770 770 720 760 760 800 800 790 820];
