/*********************************************
 * OPL 12.2 Data
 * Author: mireia.roca
 * Creation Date: 14/03/13
*********************************************/


Id=235;
c= 5;
n=129;
td=[ 15 19 13 19 14 18 13 24 15 16 16 22 13 19 24 16 17 17 19 19 18 13 20 22 22 25 11 23 17 16 19 22 20 27 20 24 19 19 22 26 14 16 21 21 22 22 13 18 24 18 18 20 21 24 16 22 16 18 14 19 24 12 19 22 20 21 24 13 15 20 27 30 26 17 11 13 13 24 13 21 18 14 16 17 19 21 23  5 26 24 10 16 17 18 20 20 22 22 22 24 11 14 16 19 26 19 22 14 12 14 23 26 30 16 19 22 24 27  9 14 15 16 21 18 19 21 20 25 20];
a=[ 480 500 510 510 520 520 540 540 550 550 560 560 570 570 580 580 580 580 580 590 590 600 600 600 600 600 610 610 610 620 620 620 630 630 630 630 640 640 640 640 650 650 650 650 650 650 650 660 660 660 660 660 660 660 670 670 670 680 680 680 680 700 710 710 720 920 930 950 950 950 950 950 960 960 970 970 970 970 980 980 990 990 990 990 990 990 990 1000 1000 1000 1010 1010 1010 1010 1010 1010 1010 1010 1010 1010 1020 1020 1020 1020 1020 1020 1020 1030 1030 1030 1030 1030 1030 1040 1040 1040 1040 1040 1050 1050 1050 1050 1050 1060 1060 1060 1070 1090 1100];
b=[ 540 560 550 550 580 580 600 600 590 590 620 620 610 650 600 640 640 640 640 630 670 660 660 660 660 660 650 650 690 640 680 680 670 670 710 710 700 700 700 700 690 690 690 690 690 690 730 680 680 720 720 720 720 720 710 710 750 700 740 740 740 760 750 750 780 1000 990 1010 1010 1010 1010 1010 1000 1040 1030 1030 1030 1030 1020 1020 1010 1050 1050 1050 1050 1050 1050 1040 1040 1080 1070 1070 1070 1070 1070 1070 1070 1070 1070 1070 1060 1060 1060 1060 1060 1100 1100 1050 1090 1090 1090 1090 1090 1080 1080 1080 1080 1080 1110 1110 1110 1110 1110 1140 1140 1140 1130 1110 1140];
