/*********************************************
 * OPL 12.2 Data
 * Author: mireia.roca
 * Creation Date: 14/03/13
*********************************************/


Id=205;
c= 6;
n=119;
td=[ 20 20 29 13 11 16 18  7 18 13 16 20 26 15 16 11 13 14 15 18 21 22 28 12 22 24 26 26 14 15 14 16 16 19 20 21 22 24 29 15 16 14 19 20 15 19 22  7  9 15 15 18 18 22 12 12 12 16 17 17 18 19 19 21 28 14 15 17 20 29  8 15 17 17 18 21 21 25 25  9 13 18 21 23 11 18 29 15 18 18 22 23 24 12 16 19 23 19 13 23 15 15 18 10 15 16 18 20 25 18 18 20 27 20  8 14 13 23  6];
a=[ 470 480 500 510 520 520 520 530 530 540 540 540 540 550 550 560 560 560 560 560 560 560 560 570 570 570 570 570 570 570 580 580 580 580 580 580 580 580 580 590 590 590 590 590 600 600 600 610 610 610 610 610 610 620 620 620 620 620 620 620 620 620 620 620 620 630 630 630 630 630 640 640 640 640 640 640 640 640 640 650 650 650 650 650 650 650 660 660 660 660 660 660 660 670 670 670 670 680 680 680 690 690 690 700 700 700 700 700 700 710 710 710 710 720 730 730 740 740 770];
b=[ 550 540 560 590 580 580 580 610 610 600 600 600 600 590 630 580 620 620 620 620 620 620 620 610 610 610 610 610 650 650 640 640 640 640 640 640 640 640 640 630 630 670 670 670 660 660 660 650 650 650 650 650 690 640 680 680 680 680 680 680 680 680 680 680 680 670 670 670 670 670 700 700 700 700 700 700 700 700 700 690 690 690 690 690 730 730 680 720 720 720 720 720 720 710 710 710 710 700 740 740 730 730 730 760 760 760 760 760 760 750 750 750 750 780 770 770 800 800 810];
