/*********************************************
 * OPL 12.2 Data
 * Author: mireia.roca
 * Creation Date: 14/03/13
*********************************************/


Id=225;
c= 4;
n= 57;
td=[ 26 20 13 24 20  6 19 21 13 18 25 14 15 20 18  9 16 16 17 26 10 14 14 29  5 24 15 18 19 28 23 15 20 19 22 23 26  8 23 25 17 19 25 26 16 20 21 18 21 12 12 17 13 18 24  2 19];
a=[ 480 490 490 500 500 510 510 520 530 530 530 530 540 540 550 550 550 560 560 560 570 570 570 570 580 580 590 600 600 600 610 620 620 620 620 620 620 630 630 630 640 640 640 640 650 650 650 660 660 680 690 690 700 700 700 710 710];
b=[ 540 530 570 520 560 550 550 540 570 570 570 610 600 600 590 630 630 620 620 620 610 610 610 610 640 640 630 660 660 660 650 640 640 680 680 680 680 670 670 670 700 700 700 700 690 690 730 720 720 740 730 770 760 760 760 750 750];
