/*********************************************
 * OPL 12.2 Data
 * Author: mireia.roca
 * Creation Date: 27/03/13
*********************************************/


Id=315;
c= 3;
n= 32;
td=[ 21 24 14 20 11 14 14 26 16 23 25 11 15 23 16 17 12 14 16 17 18 17 21 14 22 21 21 23 20 29 31 26];
a=[ 540 550 560 570 580 580 580 580 590 590 600 610 610 610 610 610 620 620 620 630 630 640 640 660 660 670 680 690 700 720 760 770];
b=[ 600 590 620 610 640 640 640 640 630 670 660 650 650 650 690 690 680 680 680 670 670 700 700 720 720 710 740 730 760 780 820 810];
