/*********************************************
 * OPL 12.2 Data
 * Author: mireia.roca
 * Creation Date: 14/03/13
*********************************************/


Id=212;
c= 4;
n= 74;
td=[ 16 15 17 19 20 16 18 22 26 15 13 10 17 17 21 22 24 18 14 20 19 18 16 24  8 23 23 13 17 18 21 21 22 24 24 11 16 19 21 24 25 21 26 15 12 17 18 21 22 20 16 17 18 19 20 22 15 16 22 13 17 22 23 15 20 21 26 23 12 27 17 26 15 17];
a=[ 500 520 520 520 540 540 540 540 540 550 550 560 560 560 560 560 570 570 580 580 590 600 600 600 610 610 610 620 620 620 620 620 620 630 630 630 640 640 640 640 640 650 650 650 660 660 660 660 660 670 680 680 680 680 680 680 690 690 690 700 700 700 700 710 710 710 710 720 720 720 730 730 750 760];
b=[ 560 580 580 580 560 600 600 600 600 590 630 620 620 620 620 620 610 650 640 640 630 620 660 660 650 650 650 680 680 680 680 680 680 670 670 710 700 700 700 700 700 690 690 730 720 720 720 720 720 710 740 740 740 740 740 740 730 730 730 760 760 760 760 750 750 750 750 740 780 780 770 770 790 820];
