/*********************************************
 * OPL 12.2 Data
 * Author: mireia.roca
 * Creation Date: 14/03/13
*********************************************/


Id=232;
c= 4;
n=109;
td=[  8  9 13  7 22 22  7 10 13 15 15 19 20 16 16 16 20 23 18 26  8 12 20 24 26 26 10 22 22 21 12 13 14 16 20 22 16 25 15 24 16  8 15 17 17 19 14 27 11 13 13 16 19 25 20 16 20 22 12 17 15 16 19 27 12 18 28 23 14 20 23 24 25 26 11 14 18 21 22 30 17 13 14 14 17 25 16 21  5 14 18 18 20 22 22  9 23 25  9 11 13 16 17 24 19  9 20 24 28];
a=[ 510 530 550 560 560 560 570 570 580 580 580 580 580 600 600 600 600 600 610 620 620 620 620 620 620 620 630 630 630 640 640 640 640 640 640 650 650 660 670 670 680 680 680 680 680 680 700 700 710 710 710 710 710 720 740 930 930 940 950 950 970 970 970 970 980 980 980 980 990 990 990 990 990 990 1000 1000 1000 1000 1000 1000 1010 1010 1010 1010 1010 1010 1020 1020 1030 1030 1030 1030 1030 1030 1030 1040 1040 1040 1040 1050 1050 1050 1060 1060 1070 1080 1090 1090 1090];
b=[ 550 570 590 620 620 620 610 650 640 640 640 640 640 660 660 660 660 660 650 640 680 680 680 680 680 680 670 670 670 660 700 700 700 700 700 690 730 720 710 710 700 740 740 740 740 740 760 760 750 750 750 750 750 780 760 990 990 1020 1010 1010 1030 1030 1030 1030 1020 1020 1020 1060 1010 1050 1050 1050 1050 1050 1040 1040 1040 1080 1080 1080 1030 1070 1070 1070 1070 1070 1060 1060 1090 1090 1090 1090 1090 1090 1090 1080 1080 1080 1120 1110 1110 1110 1100 1100 1090 1160 1110 1150 1150];
