/*********************************************
 * OPL 12.2 Data
 * Author: mireia.roca
 * Creation Date: 14/03/13
*********************************************/


Id=237;
c= 3;
n= 51;
td=[ 22 20 14 20 24 13 13 16 17 24 18 14 10 11 19 17 20 24 24 11 13 19 18  8 15 25 21 24 20 16 21 21 12 25 17 14  8 13 14 23 14 18 23 15 16 17 13 23 21 16 16];
a=[ 480 500 510 540 560 580 580 580 580 580 590 610 610 620 620 630 630 630 660 680 680 680 690 700 700 710 950 950 960 970 970 970 990 1010 1010 1020 1030 1030 1030 1030 1040 1040 1040 1050 1050 1060 1060 1060 1070 1070 1080];
b=[ 540 560 550 600 620 640 640 640 640 640 670 650 690 680 680 670 670 670 680 740 740 740 730 720 720 790 1010 1010 1000 1030 1030 1030 1050 1030 1070 1100 1090 1090 1090 1090 1080 1080 1080 1070 1110 1100 1140 1140 1090 1130 1160];
