/*********************************************
 * OPL 12.2 Data
 * Author: mireia.roca
 * Creation Date: 27/03/13
*********************************************/


Id=323;
c= 5;
n= 60;
td=[ 18 20  8 24 17 19 18 15 15 21 14 17 21 11 24 14 19 24 26 14 16 14 17 12 24 12 14 22 25 11 16 19 22 20 20 26 26 15 22 24 16 20 17 18 19 19 22 13 13 15  7 13 17 31 16 20 28 14 21 18];
a=[ 480 480 490 490 510 510 510 520 530 530 540 540 540 550 550 560 560 560 560 570 570 580 580 590 590 590 590 590 600 600 600 600 600 610 610 610 620 620 620 620 640 640 640 640 640 640 650 660 660 660 680 680 690 690 700 700 700 710 720 720];
b=[ 540 540 530 530 550 550 590 580 610 610 600 600 600 590 590 620 620 620 620 610 610 600 640 630 630 670 670 670 620 660 660 660 660 650 690 690 640 680 680 680 660 660 700 700 700 700 730 720 720 720 740 740 730 730 760 760 760 750 740 780];
