/*********************************************
 * OPL 12.2 Data
 * Author: mireia.roca
 * Creation Date: 14/03/13
*********************************************/


Id=219;
c= 7;
n= 76;
td=[ 16 17 30 23 24 15 13 16 22 23 20 13 14 14 14 15 16 18 19 20 20 14 14 19 22 11 11 13 15 27 13 14 16 21 24 20 22 13 14 16 23 13 15 17 17 18 20 22 25 28  8 25 18 24 27 27 27 12 19 23 15 16 18 19 13 15 23 25  9 17 18 23 18 18 16 18];
a=[ 480 480 490 490 500 510 520 520 520 520 530 540 540 540 540 540 540 540 540 540 550 550 550 550 550 560 560 560 560 560 570 570 570 570 570 580 580 590 590 590 590 590 600 600 600 600 600 600 600 600 610 610 620 620 620 620 620 630 630 630 640 650 650 650 660 660 660 660 690 700 700 700 710 710 720 720];
b=[ 540 540 530 570 560 550 580 580 580 580 570 600 600 600 600 600 600 600 600 600 590 630 630 630 630 620 620 620 620 620 610 610 610 610 610 600 640 630 630 630 630 670 660 660 660 660 660 660 660 660 650 650 640 680 680 680 680 670 670 710 700 690 690 690 720 720 720 720 730 760 760 760 750 750 780 780];
