/*********************************************
 * OPL 12.2 Data
 * Author: mireia.roca
 * Creation Date: 14/03/13
*********************************************/


Id=239;
c= 3;
n= 97;
td=[ 19 16 22 13 26 18 22 26 28  5 16 15 16 20 11 23 19 21 22 24 20 14 18 18 24 14 16 24 17 18 20 10 16 15 17 27 32 34 11 14 19 20 14 26 15 18 18 17 23 21 17 12 17 17 21 12 13 20 25 23 20 20 20 27 12 17 14 14 16 20 20 21 24 25 28 13 15 19 24 24 16 16 21 20 13 14 23 19 19 22 24 18 21 24 19 19 28];
a=[ 500 510 520 540 540 550 550 550 560 560 570 580 580 580 590 590 600 600 600 600 610 620 620 620 620 630 630 630 640 640 640 650 650 650 670 670 670 670 680 680 680 680 690 690 700 710 750 760 770 940 950 960 960 960 970 980 980 980 980 980 990 990 990 990 1000 1000 1010 1010 1010 1010 1010 1010 1010 1010 1010 1030 1030 1030 1030 1030 1040 1040 1040 1050 1050 1050 1050 1060 1060 1060 1060 1060 1070 1070 1080 1080 1100];
b=[ 560 590 580 600 600 590 590 590 580 620 650 600 640 640 630 630 660 660 660 660 690 680 680 680 680 670 670 670 700 700 700 690 690 730 710 710 710 710 740 740 740 740 730 730 760 750 790 780 810 980 1010 1000 1000 1040 1030 1020 1020 1020 1020 1060 1050 1050 1050 1050 1040 1040 1070 1070 1070 1070 1070 1070 1070 1070 1070 1090 1090 1090 1090 1090 1080 1120 1120 1070 1110 1110 1110 1100 1100 1100 1100 1140 1130 1130 1120 1120 1140];
