/*********************************************
 * OPL 12.2 Data
 * Author: mireia.roca
 * Creation Date: 14/03/13
*********************************************/


Id=216;
c= 6;
n= 87;
td=[ 18 17 22 23 18 13 18 18 13 20 22 25 28 11 16 20 15 19 20 21 24 26 27 19 22 24 16 23  9 14 17 27 12 14 17 18 18 18 19 23 20 16 18 12 19 19 20 21 21 15 17 19 19 21 23 11 18 18 19 15 18 12 14 17 17 21 19 23 28 25 26 12 20 22 16 20 23 17 22  9 15 16 21 23 17 23 21];
a=[ 470 480 480 480 490 510 510 510 520 520 520 520 520 530 530 530 540 540 540 540 540 540 540 550 550 550 550 550 560 560 560 560 570 570 570 570 570 570 570 570 570 580 580 580 580 580 580 580 580 590 600 600 600 600 600 610 610 610 610 620 620 620 620 620 630 630 640 640 640 650 650 650 660 660 660 660 660 670 670 670 690 700 710 710 720 720 740];
b=[ 550 540 540 540 530 550 550 590 540 580 580 580 580 570 570 570 600 600 600 600 600 600 600 590 590 590 630 630 620 620 620 620 610 610 610 610 610 610 610 610 650 600 600 640 640 640 640 640 640 670 660 660 660 660 660 650 650 650 650 640 640 680 680 680 710 710 700 700 700 690 690 730 680 680 720 720 720 710 710 750 730 760 750 750 780 780 800];
