/*********************************************
 * OPL 12.2 Data
 * Author: mireia.roca
 * Creation Date: 27/03/13
*********************************************/


Id=343;
c= 8;
n=151;
td=[ 15 13 14 14 14 20 18 26 12 19 23 17 18 15 15 16 17 18 18 19 17 20 11 15 15 15 22 25  5 14 16 18 22 23 27 20 23  8 11 26 10 17 19 21 22 23 25 11 14 13 14 15 26  9 12 16 18 18 19 20 14 22 16 19 11 15 28 10 17 20 23 24 15 22 12 16 21 13 17  8  9 21 14 21 21 14 23 23 25 15 17 20 21  9 16 18 18 20 22 22 24  3 11 14 19 23 23 14 16 16 23 24 14 18 18 18 19 21 21 23 24 24 25 13 13 13 18 21 22 22 23 28 17 11 17 20 22 17 20 23 23 15 16 18 18 19 24 13 15 23 25];
a=[ 470 520 520 520 530 530 540 540 550 550 550 560 570 580 580 580 580 580 580 580 590 590 600 600 600 600 600 600 610 610 610 610 610 610 610 610 610 620 620 620 620 620 620 620 620 620 620 630 640 640 640 640 640 650 650 650 650 650 650 650 660 660 660 660 670 670 670 680 680 680 690 700 710 710 720 720 930 940 950 960 960 960 970 970 970 980 980 980 980 980 980 990 990 990 990 990 990 990 990 990 990 1000 1000 1000 1000 1000 1000 1000 1000 1000 1000 1010 1010 1010 1010 1010 1010 1010 1010 1010 1010 1010 1010 1020 1030 1030 1030 1030 1030 1030 1030 1030 1040 1050 1050 1050 1050 1060 1060 1060 1070 1070 1070 1070 1070 1070 1070 1080 1080 1080 1090];
b=[ 550 580 580 580 610 610 600 600 590 590 590 620 650 640 640 640 640 640 640 640 630 630 660 660 660 660 660 660 650 650 650 650 650 650 650 690 690 640 640 640 680 680 680 680 680 680 680 670 660 700 700 700 700 690 690 690 690 690 690 730 680 680 720 720 710 710 710 740 740 740 730 760 750 750 780 780 990 980 1010 1000 1040 1040 1030 1030 1030 1020 1020 1020 1020 1060 1060 1010 1010 1050 1050 1050 1050 1050 1050 1050 1050 1040 1040 1040 1040 1040 1040 1080 1080 1080 1080 1030 1070 1070 1070 1070 1070 1070 1070 1070 1070 1070 1070 1060 1090 1090 1090 1090 1090 1090 1090 1090 1080 1110 1110 1110 1110 1100 1100 1100 1090 1130 1130 1130 1130 1130 1130 1120 1120 1120 1150];
