/*********************************************
 * OPL 12.2 Data
 * Author: mireia.roca
 * Creation Date: 27/03/13
*********************************************/


Id=329;
c= 4;
n= 41;
td=[ 10 15 20 21 19 14 17 24 18 19 16 17 20 19 14 15 19 19 19 21 10 19 28 15 18 20 21 23 13 14 15 18 23 14 20 16 19 13 10 11 19];
a=[ 480 480 490 510 520 520 520 530 550 550 570 570 570 570 580 580 580 580 590 590 600 600 600 610 610 610 610 620 620 620 620 620 630 640 640 650 650 670 670 680 700];
b=[ 540 540 570 550 540 580 580 570 590 590 610 610 610 650 600 600 600 640 670 670 660 660 660 650 650 650 650 640 680 680 680 680 710 700 700 690 690 710 750 700 760];
