/*********************************************
 * OPL 12.2 Data
 * Author: mireia.roca
 * Creation Date: 14/03/13
*********************************************/


Id=201;
c= 7;
n=111;
td=[ 13 20 15 24 18 23 18 23 25 17 27 16 21 12 13 14 15 16 19 32 17 22 14 24 10 13 16 22 22 24 27 19 19 20 24 28 13 15 16 17 17 18 18 18 21 22 15 13 21 22  9 13 15 16 17 17 22 22 34 12 14 18 20 20 21 23 26 13 16 21 22 23 23 23 26 12 16 32 15 24 11 12 16 17 25 17 17 18 19 21 21 23 25 25 18 21 15 16 18 18 19 25 17 31 19 15 18 17 20 19 17];
a=[ 490 490 500 500 510 510 540 540 540 550 550 550 560 560 560 560 560 560 560 560 570 570 570 570 580 580 580 580 580 580 580 590 590 590 590 590 600 600 600 600 600 600 600 600 600 600 610 610 620 620 620 620 620 620 620 620 620 620 620 630 630 630 630 630 630 630 630 640 640 640 640 640 640 640 640 650 650 650 660 660 670 670 670 670 670 680 680 680 680 680 680 680 680 680 690 690 690 700 700 700 700 700 710 710 710 720 720 730 730 740 780];
b=[ 530 530 560 560 550 590 600 600 600 590 590 630 580 620 620 620 620 620 620 620 610 610 650 650 640 640 640 640 640 640 640 630 630 630 630 630 660 660 660 660 660 660 660 660 660 660 650 690 640 640 680 680 680 680 680 680 680 680 680 670 670 670 670 670 670 670 710 660 700 700 700 700 700 700 700 690 690 690 720 720 710 710 710 710 710 740 740 740 740 740 740 740 740 740 730 730 770 760 760 760 760 760 750 750 790 780 780 770 770 760 800];
