/*********************************************
 * OPL 12.2 Data
 * Author: mireia.roca
 * Creation Date: 14/03/13
*********************************************/


Id=221;
c= 7;
n= 69;
td=[ 25 21 18 19 15 23 28 28 15 15 17 14 15 22 22 23 11 17 20 21 21 25  6 18 19 24 15 10 14 16 17 21 27 26 22 16 18 18 24 15 18 23 15 11 20 22 26  9 14 17 20 13 13 14 20 18 19 19 28  7 17 18 15 17 18 23 20  9 12];
a=[ 480 490 500 500 510 510 510 510 520 520 520 530 530 530 530 530 540 540 540 540 540 540 550 550 550 550 550 560 560 560 560 560 560 570 580 580 590 590 590 600 600 600 610 620 620 620 620 630 630 630 630 640 640 640 650 660 660 660 670 680 680 680 700 700 700 720 730 740 780];
b=[ 540 530 560 560 550 590 590 590 580 580 580 570 570 570 570 570 600 600 600 600 600 600 590 590 590 590 630 620 620 620 620 620 620 610 600 640 630 630 630 660 660 660 650 680 680 680 680 670 670 670 670 700 700 700 690 720 720 720 710 740 740 740 760 760 760 780 770 800 800];
