/*********************************************
 * OPL 12.2 Data
 * Author: mireia.roca
 * Creation Date: 14/03/13
*********************************************/


Id=214;
c= 3;
n= 36;
td=[ 15 21 18 18 23 18 21 25 17 18 18 19  8 13 19 26  7 14 23  9 17 18  9 20 20 21 23 20 26 19 18 18  8 14 12 20];
a=[ 520 530 540 540 540 550 550 550 560 560 570 580 590 590 600 620 630 630 630 640 650 660 660 660 660 660 660 670 670 680 690 690 700 720 730 730];
b=[ 580 570 600 600 600 590 590 630 620 620 610 640 630 670 660 680 670 670 710 700 690 680 720 720 720 720 720 710 710 740 770 770 760 740 770 770];
