/*********************************************
 * OPL 12.2 Data
 * Author: mireia.roca
 * Creation Date: 14/03/13
*********************************************/


Id=217;
c= 8;
n=104;
td=[ 23 18 16 16 25 13  8 17 23  9 23 25 27 25 13 13 16 18 19 20 25 17 21 25 17 28 12 11 13 14 15 15 18 18 20 20 21 22 24 24 25 15 16 19 19 19 19 22 26 20 15 20 20 11 13 17 19 22 24 25 15 19 19 25 10 12 22 15 17 18 22 19 21 21 10 18 25 18 18 20 21 23 14 24 17 12 15 19 21 11 15 16 17 14 14 20 22 24 14 18 17 22 16 23];
a=[ 490 490 500 500 500 510 520 520 520 530 530 530 530 530 540 540 540 540 540 540 540 550 550 550 550 550 560 560 560 560 560 560 560 560 560 560 560 560 560 560 560 570 570 570 570 570 570 570 570 580 590 590 600 600 600 600 600 600 600 600 610 610 610 610 620 620 620 620 620 620 620 630 630 630 630 630 630 640 640 640 640 640 650 650 650 660 660 660 660 670 670 670 670 680 690 690 690 690 700 700 710 720 740 770];
b=[ 530 570 560 560 560 550 580 580 580 570 570 570 570 610 600 600 600 600 600 600 600 590 590 590 630 630 580 620 620 620 620 620 620 620 620 620 620 620 620 620 620 610 610 610 610 610 610 610 610 640 630 630 620 660 660 660 660 660 660 660 650 650 650 650 640 640 640 680 680 680 680 670 670 670 710 710 710 700 700 700 700 700 690 690 730 720 720 720 720 710 710 710 710 740 730 730 730 730 760 760 790 780 800 810];
