/*********************************************
 * OPL 12.2 Data
 * Author: mireia.roca
 * Creation Date: 14/03/13
*********************************************/


Id=236;
c= 2;
n= 62;
td=[ 15 19 20 22 21 12 16 20 18 16 17 20 21 23 10 21  5 14 20 23 12 13 16 14 15 21 13 16 22 18 15 15 15 30 22 22 21  7 13 15 16 17 19 21 14 16 18 19 22 20 20 19 13 13 18 16 18 22 18 16 18  8];
a=[ 540 540 540 540 550 560 560 560 570 580 580 590 590 590 600 610 620 630 630 630 640 640 640 650 650 650 660 660 660 680 730 950 950 950 960 980 980 990 990 990 990 990 990 1000 1010 1010 1010 1010 1010 1020 1020 1030 1030 1040 1050 1050 1050 1050 1060 1060 1070 1080];
b=[ 600 600 600 600 630 620 620 620 610 640 640 630 630 630 660 650 680 670 670 670 660 700 700 690 690 690 720 720 720 740 770 1010 1010 1010 1000 1020 1060 1050 1050 1050 1050 1050 1050 1040 1070 1070 1070 1070 1070 1060 1100 1050 1090 1080 1070 1110 1110 1110 1100 1140 1090 1120];
