/*********************************************
 * OPL 12.2 Data
 * Author: mireia.roca
 * Creation Date: 14/03/13
*********************************************/


Id=241;
c= 2;
n= 55;
td=[ 13 16 23 18 26 14 29 11 20 25 22 16 18  9 19 19 19 23 12 16 18 23 18 11 22 14 20 16 16 13 15 18 19 29 18 22 18 21 22 22 27 21  6 16 17 20 22 25 18 15 16 23 24 28 20];
a=[ 480 530 540 550 570 580 580 590 590 600 600 610 620 620 650 650 660 660 660 670 670 680 700 710 710 710 750 760 940 970 970 970 970 970 980 980 990 990 990 990 990 1000 1000 1010 1010 1010 1010 1010 1030 1040 1040 1040 1040 1040 1050];
b=[ 540 570 600 590 610 640 640 630 630 620 660 690 640 680 690 730 680 680 720 710 710 740 760 750 750 790 790 820 1020 1030 1030 1030 1030 1030 1060 1060 1050 1050 1050 1050 1050 1040 1080 1070 1070 1070 1070 1070 1090 1080 1120 1120 1120 1120 1110];
