/*********************************************
 * OPL 12.2 Data
 * Author: mireia.roca
 * Creation Date: 14/03/13
*********************************************/


Id=240;
c= 5;
n=135;
td=[  9 13 21 17 22 20 12 14 16 19 21 22 18 18 21 14 18 34 15 21 15 16 23 25 28 21 24 25 15 20 16 22 23 27 15 18 19 19 20 21 23 25 13 19 16 25  9 15 16 17 17 24 19 19 13 19 21 21 21 23 13 15 18 19 17 19 21 12 20 21 24 13 19 12 13 16 21 22 23 23 13 17 23 24 17 11 12 17 17 21 20 21 12  9 16 17 19 20 26 27 10 15 19 27 34 14 16 12 10 17 21 22 23 24 25 26 27 18 19 13 15 16 18 21 21 23 24 16 15 19 21 21 19 24 23];
a=[ 500 510 520 550 550 560 560 560 570 570 580 580 590 590 590 600 600 600 610 610 620 620 620 620 620 630 630 630 640 640 640 640 640 640 650 650 650 650 650 650 650 650 660 670 680 680 680 680 680 680 680 680 690 700 700 700 700 700 700 700 710 710 710 720 720 720 720 740 950 950 950 960 970 970 970 970 970 970 970 970 980 980 980 980 980 990 990 990 990 990 1000 1000 1010 1010 1010 1010 1010 1010 1010 1010 1020 1020 1020 1020 1020 1020 1020 1030 1030 1030 1030 1030 1030 1030 1030 1030 1030 1040 1050 1050 1050 1050 1050 1050 1050 1050 1050 1060 1070 1070 1070 1080 1090 1090 1110];
b=[ 560 550 580 590 630 580 620 620 650 650 640 640 630 630 670 660 660 660 650 650 680 680 680 680 680 670 670 670 660 660 700 700 700 700 690 690 690 690 690 690 690 690 720 750 700 700 740 740 740 740 740 740 730 720 760 760 760 760 760 760 750 750 790 740 780 780 780 800 1010 1010 1010 1000 990 1030 1030 1030 1030 1030 1030 1030 1020 1020 1020 1020 1060 1050 1050 1050 1050 1050 1040 1040 1030 1070 1070 1070 1070 1070 1070 1070 1060 1060 1060 1060 1060 1100 1100 1050 1090 1090 1090 1090 1090 1090 1090 1090 1090 1080 1070 1110 1110 1110 1110 1110 1110 1110 1110 1100 1090 1130 1130 1120 1110 1150 1130];
