/*********************************************
 * OPL 12.2 Data
 * Author: mireia.roca
 * Creation Date: 14/03/13
*********************************************/


Id=226;
c= 5;
n= 82;
td=[ 12 18 16 20 28 15 16 16 19 23 29 18 20 24 13 19 22 23 26 16 18 18 24 24 22 24 16 18 18 11 16 16 23 15 19 20 22 25 16 22 18 26 19 19 20 21 21 13 17 22 27 15 19 15 20 21 22  9 24 15 19 19 20  7 11 16 16 18 20 10 17 21  9 18 22 22 17 19 26 21 21 18];
a=[ 480 490 500 520 520 520 520 520 520 520 520 530 530 530 540 540 540 540 540 550 550 550 550 550 560 560 560 560 560 570 570 570 570 580 580 580 580 580 590 590 590 590 600 600 600 600 600 610 610 610 610 620 620 630 630 630 630 640 640 640 640 640 640 650 650 650 660 660 660 670 670 670 680 680 680 680 690 690 690 710 710 750];
b=[ 540 530 560 540 540 580 580 580 580 580 580 570 570 610 600 600 600 600 600 590 590 590 590 590 580 580 620 620 620 610 610 610 610 640 640 640 640 640 630 630 670 670 660 660 660 660 660 650 650 650 650 680 680 670 670 670 670 660 660 700 700 700 700 690 690 730 720 720 720 710 710 710 740 740 740 740 730 730 730 750 750 790];
