/*********************************************
 * OPL 12.2 Data
 * Author: mireia.roca
 * Creation Date: 14/03/13
*********************************************/


Id=231;
c= 4;
n= 72;
td=[ 16 28 23 25 27 16 18 20 21 32 13 21 26 19 20 19 20 12 18 28 15 20 27 15 19 26 14 14 18 23 12 16 23 17 28 12 23 14 25 19 23 14 20 19 21 25 26 21 22 17 10 14 15 17 22 23 15 21 26 26 24 18 30 15 24 26 19 20 21 23 25 12];
a=[ 540 570 580 580 590 600 600 600 600 600 610 610 610 620 620 620 620 630 630 630 650 660 670 680 680 680 690 700 700 710 710 710 710 740 740 750 920 930 940 950 950 960 960 970 970 970 970 980 980 980 990 990 990 990 990 990 1000 1000 1000 1000 1010 1020 1020 1030 1030 1030 1050 1050 1050 1060 1070 1080];
b=[ 600 610 640 640 630 660 660 660 660 660 650 650 690 640 640 680 680 670 670 670 690 720 710 740 740 740 730 760 760 750 790 790 790 760 800 790 1000 990 980 1010 1010 1000 1000 1030 1030 1030 1030 1020 1020 1060 1050 1050 1050 1050 1050 1050 1040 1040 1040 1080 1070 1060 1060 1090 1090 1090 1070 1110 1110 1100 1130 1120];
