/*********************************************
 * OPL 12.2 Data
 * Author: mireia.roca
 * Creation Date: 14/03/13
*********************************************/


Id=223;
c= 8;
n=136;
td=[ 28 29 16 18 23 24 24  9 14 18 24 13 19 16 12 19 19  9 11 13 17 19 24  8 14 15 20 22 11 12 13 14 20 12 15 17 19 20 20 20 22 23 23 24 25 13 15 16 17 20 21 17 18 19  7 13 13 18 20 21 21 21 18 24 22  9 10 13 14 17 20 21 23 25 25 13 18 18 22 22 22 17 16 16 19 22 24 28 29  4 13 14 20 23 16 16 17 19 20 20 25 10 14 19 15 16 21 23 11 24 14 18 22 24 27 14 16 31 14 14 15 18 18 18 11 15 20 20 26 20 20 26 17 23 14 12];
a=[ 490 500 500 510 510 510 520 520 520 520 520 530 530 530 540 540 540 540 540 540 540 540 540 550 550 550 550 550 550 550 550 550 550 560 560 560 560 560 560 560 560 560 560 560 560 570 570 570 570 570 570 580 580 580 580 580 580 580 580 580 580 580 590 590 600 600 600 600 600 600 600 600 600 600 600 610 610 610 610 610 610 620 620 620 620 620 620 620 620 630 630 630 630 640 640 640 640 640 640 640 640 650 650 660 670 670 670 670 680 680 680 680 680 680 680 690 690 690 700 700 700 700 700 700 710 710 710 720 720 730 740 740 750 750 760 770];
b=[ 530 520 560 550 550 550 540 580 580 580 580 570 570 610 560 560 560 600 600 600 600 600 600 590 590 590 590 590 630 630 630 630 630 620 620 620 620 620 620 620 620 620 620 620 620 610 610 610 610 610 610 600 600 600 640 640 640 640 640 640 640 640 630 630 620 660 660 660 660 660 660 660 660 660 660 650 650 650 650 650 690 640 680 680 680 680 680 680 680 670 670 670 670 660 700 700 700 700 700 700 700 690 690 720 710 710 750 750 700 700 740 740 740 740 740 730 730 730 760 760 760 760 760 760 750 750 750 780 780 770 800 800 790 790 780 810];
