/*********************************************
 * OPL 12.2 Data
 * Author: mireia.roca
 * Creation Date: 14/03/13
*********************************************/


Id=206;
c= 4;
n= 82;
td=[ 23 11 19 11 17  9 24 23 19 25 26 16  8 14 19 21 24 20 23 24 19 16 19 19 21 21 27 15 26 17 14 20 23 25 18 21 24 17 27 17 20 13 17 19 13 20 12 20 21 24 12 13 18 19 21 22 16 14 18 25 34 13 19 12 18 15 17 20 21 23 20 20 22 26 11 19 27 19 21 21 20 10];
a=[ 480 510 510 520 520 530 530 540 540 540 540 550 560 560 560 560 560 570 570 570 580 580 580 580 580 580 580 590 590 600 600 600 600 600 610 610 610 620 620 630 630 630 630 630 640 640 640 640 640 640 650 650 650 650 650 650 650 660 660 660 660 670 670 670 680 680 680 680 680 690 700 700 700 700 720 730 730 740 740 740 750 760];
b=[ 540 550 590 580 580 570 570 560 600 600 600 630 580 620 620 620 620 610 610 610 600 640 640 640 640 640 640 630 670 620 660 660 660 660 650 690 690 680 680 670 670 710 710 710 660 660 700 700 700 700 690 690 690 690 690 690 730 720 720 720 720 710 710 750 700 740 740 740 740 730 760 760 760 760 780 770 770 800 800 800 790 820];
