/*********************************************
 * OPL 12.2 Data
 * Author: mireia.roca
 * Creation Date: 27/03/13
*********************************************/


Id=305;
c= 7;
n= 77;
td=[ 15 17 21 12 24 15 23 16 17 19 14 14 17 13 16 23 24 16 16 19 25 28 16 17 18 18 19 21 13 13 18 22 28 10  6  7 14 14 19 17 21 23 21 32  6 23 15 17 21 21  8 20 20 26 16 19 29 23 24 18 18 19 21 23 13 12 22 23 20 22  9 15 17 13 18 25 21];
a=[ 480 490 500 510 510 520 520 530 530 530 540 540 550 550 550 550 560 580 580 580 580 580 590 590 590 600 600 600 610 610 610 610 610 620 620 620 620 620 620 630 630 630 640 640 640 640 650 650 650 650 650 650 650 650 660 660 660 680 680 680 680 690 690 690 700 700 710 710 720 720 720 720 720 730 730 730 760];
b=[ 540 530 560 550 550 580 580 570 570 610 560 600 590 630 630 630 620 640 640 640 640 640 630 630 630 660 660 660 650 650 650 650 650 640 680 680 680 680 680 670 670 670 660 660 700 700 690 690 690 690 730 730 730 730 720 720 720 700 700 740 740 730 770 770 720 760 750 750 740 740 780 780 780 770 770 770 820];
