/*********************************************
 * OPL 12.2 Data
 * Author: mireia.roca
 * Creation Date: 14/03/13
*********************************************/


Id=211;
c= 6;
n= 66;
td=[ 19 11 24 11 11 13  9 21 23 18 11 11 15 18 19 22 12 20 14 16 18 18 19 12 19 25 27 14 12 16 22 23  8 11 19 19 21 13 15 23 21 24 25 28 21  9 23 13 14 18 15 19 21 21 34  7 19 22 22 11 27 19 20 11 15 25];
a=[ 480 520 520 530 530 530 540 540 550 550 560 560 560 560 560 560 570 580 580 580 580 580 580 590 590 590 590 590 600 600 600 600 610 610 610 620 620 630 630 630 640 640 640 640 650 650 660 660 660 670 680 680 680 680 680 690 690 690 690 700 700 710 710 720 720 730];
b=[ 540 580 580 570 610 610 600 600 590 630 580 620 620 620 620 620 650 600 640 640 640 640 640 630 630 630 630 670 660 660 660 660 650 650 690 680 680 670 670 670 700 700 700 700 690 730 680 720 720 710 700 740 740 740 740 730 730 730 770 760 760 750 750 780 780 810];
