/*********************************************
 * OPL 12.2 Data
 * Author: mireia.roca
 * Creation Date: 14/03/13
*********************************************/


Id=229;
c= 7;
n= 98;
td=[ 12 15  8 17  6 17  9 15 17 18 21 22 16 27 28  7 17 17 19 20 22 23 26 26  9 14 18 15 16 19 23 20 23 12 19 19 22 23 26 15 16 16  9 12 13 18 23 23 24 24 26 16 20 22 21 24 14 20  3 16 17 18 25 15 19 23 25 15 16 22 27 22 24 12 17 20 22 23 28 18 19 19 19 20 21 12 18 17 29 21  7 14 24 25 16 28 13 14];
a=[ 480 480 490 490 500 500 510 510 520 520 520 520 530 530 530 540 540 540 540 540 540 540 540 540 550 550 550 550 550 550 550 560 560 560 560 560 560 560 560 570 570 570 580 580 580 580 580 580 580 580 580 590 590 600 600 600 610 620 620 620 620 620 620 630 630 630 630 640 640 640 640 650 650 660 660 660 660 660 660 670 670 680 680 680 680 690 690 690 700 720 720 720 720 720 730 730 760 760];
b=[ 540 540 530 570 560 560 550 550 580 580 580 580 570 570 570 600 600 600 600 600 600 600 600 600 590 590 590 630 630 630 630 580 580 620 620 620 620 620 620 610 610 610 640 640 640 640 640 640 640 640 640 630 670 620 660 660 650 640 680 680 680 680 680 670 670 670 670 700 700 700 700 690 690 720 720 720 720 720 720 710 750 740 740 740 740 730 730 770 760 740 780 780 780 780 770 770 820 820];
