/*********************************************
 * OPL 12.2 Data
 * Author: mireia.roca
 * Creation Date: 14/03/13
*********************************************/


Id=228;
c= 3;
n= 45;
td=[ 21 14 20 22 25 11 18 19 15 23 20 15 20 20 14 16 22 23 23 22 14 18 17 29 20 22 13 22 13 14 20 21 14 19 17 17 22 10 21 24 21 13 19 18 15];
a=[ 490 500 500 500 500 510 520 520 530 530 540 550 550 560 560 560 560 560 570 580 580 580 590 590 600 600 620 620 630 640 640 640 650 660 660 660 660 670 670 680 690 700 700 720 730];
b=[ 530 560 560 560 560 550 580 580 570 570 600 590 590 580 620 620 620 620 650 600 640 640 630 630 660 660 680 680 670 700 700 700 690 680 720 720 720 710 710 740 730 760 760 740 770];
