/*********************************************
 * OPL 12.2 Data
 * Author: mireia.roca
 * Creation Date: 14/03/13
*********************************************/


Id=222;
c= 6;
n= 76;
td=[ 23 19 17 17 22 22 27 18 21 11 12 18 18 21 23 13 17 18 21  7 10 17 18 18 22 25 27 21 23 12 15 18 13 20 12 19 19 19 20 15 15 18 22 14 17 17 17 22 15 21 22 15 11 17 15 20 23 13 11 19 22 22 25 12 23 26 37 13 14 20 20 24 25 25 27  8];
a=[ 490 510 520 520 520 520 520 530 530 540 540 540 540 540 540 550 550 550 550 560 560 560 560 560 560 560 560 570 570 570 580 580 590 590 600 600 600 600 600 610 610 610 610 620 620 620 620 620 630 630 630 640 640 640 660 660 670 680 680 680 680 680 680 690 690 690 700 700 700 700 700 700 700 710 740 760];
b=[ 570 550 540 580 580 580 580 570 570 600 600 600 600 600 600 590 590 590 630 620 620 620 620 620 620 620 620 610 610 650 640 640 630 630 660 660 660 660 660 650 650 650 650 680 680 680 680 680 670 670 710 660 700 700 720 720 710 700 740 740 740 740 740 730 730 730 720 760 760 760 760 760 760 750 800 820];
