/*********************************************
 * OPL 12.2 Data
 * Author: mireia.roca
 * Creation Date: 14/03/13
*********************************************/


Id=203;
c= 4;
n= 60;
td=[ 18 23 16 24 19 23 14 17 18 18 14  3  9 12 24 28 30 19 20  9 14 15 18 21 25 11 17 22 19 14 15 17 19 22 28 16 11 13 19 33 12 18 20 21 13 17 19 17 21 21  9 16 20 20 26 16 17 22 17 14];
a=[ 480 500 510 540 540 540 560 560 560 560 570 580 580 580 580 580 580 590 590 600 600 600 600 600 610 610 610 610 620 620 620 620 620 620 630 630 640 640 640 640 650 650 650 650 650 660 660 670 680 690 700 700 700 700 700 710 710 720 740 780];
b=[ 540 560 590 560 600 600 580 620 620 620 610 640 640 640 640 640 640 630 630 660 660 660 660 660 650 690 690 690 640 680 680 680 680 680 670 710 660 700 700 700 690 690 690 690 730 720 720 710 740 730 760 760 760 760 760 750 750 780 800 800];
