/*********************************************
 * OPL 12.2 Data
 * Author: mireia.roca
 * Creation Date: 27/03/13
*********************************************/


Id=338;
c= 4;
n= 66;
td=[ 18 21 27 24 30 16 20 23 27 13 19 30 18 18 20 26 18 25 13 16 17 15 18 18 23 24 15 21 17 28 15 19 21 15 20 18  9 14 20 15 19 23 12 11 14 13 16 17 18 20 10 10 12 15 21 19 27 14 19 17 12 13 13 20 15 15];
a=[ 520 520 530 540 550 560 580 580 590 600 600 600 610 610 610 620 630 630 650 650 660 660 680 680 700 700 710 710 720 720 740 740 750 950 950 960 970 970 970 980 980 980 990 990 990 1010 1010 1010 1010 1010 1020 1020 1020 1020 1030 1030 1030 1040 1040 1040 1050 1050 1060 1060 1060 1080];
b=[ 580 580 610 600 630 620 640 640 670 660 660 660 650 650 650 680 670 670 690 730 680 720 740 740 720 760 750 790 780 780 800 800 790 1010 1010 1000 1030 1030 1030 1020 1020 1020 1010 1050 1050 1070 1070 1070 1070 1070 1060 1060 1060 1060 1050 1090 1090 1080 1080 1120 1110 1110 1100 1100 1140 1120];
