/*********************************************
 * OPL 12.2 Data
 * Author: mireia.roca
 * Creation Date: 27/03/13
*********************************************/


Id=331;
c= 6;
n=116;
td=[ 13 18 10 18 22 24  7 24 20 13 12 16 17 17 21 24 28 17 18 20 21 18 12 14 19 19 21 28 16 16 22 15 16 19 23 24 32 11 14 16 17 19 20 21 13 16 21 23 14 22 17 22 18 17 17 22 23 28 19 15 19 18 23 14 18 16 20 21 24 11 14 14 16 18 13 15 23 14 24 16 18 19 24 12 20 23 14 19 21 22 27 18 12 13 14 20 25 12 13 15 20 21 22 13 22  8 17 16 19 26 22 28 16 19 25 17];
a=[ 510 530 540 540 550 550 550 560 570 570 580 580 580 580 580 580 580 600 600 600 610 610 620 620 620 620 620 620 630 630 630 640 640 640 640 640 640 650 660 660 660 660 660 660 670 670 670 670 680 680 690 690 700 720 720 720 720 720 930 940 940 940 940 950 950 960 960 960 960 960 970 970 970 970 980 980 980 990 990 990 990 990 990 1000 1000 1000 1010 1010 1010 1010 1020 1020 1030 1030 1030 1030 1030 1040 1040 1040 1040 1040 1040 1050 1050 1060 1060 1060 1060 1070 1070 1070 1080 1080 1090 1090];
b=[ 550 570 600 600 590 590 630 620 610 650 640 640 640 640 640 640 640 660 660 660 650 690 680 680 680 680 680 680 670 670 670 700 700 700 700 700 700 690 720 720 720 720 720 720 710 710 710 750 740 740 730 730 760 740 780 780 780 780 990 980 980 1020 1020 1010 1010 1000 1000 1000 1000 1040 1030 1030 1030 1030 1020 1060 1060 1010 1010 1050 1050 1050 1050 1040 1040 1040 1070 1070 1070 1070 1060 1100 1050 1090 1090 1090 1090 1080 1080 1080 1080 1080 1120 1110 1110 1100 1100 1140 1140 1090 1130 1130 1120 1120 1110 1150];
