/*********************************************
 * OPL 12.2 Data
 * Author: mireia.roca
 * Creation Date: 27/03/13
*********************************************/


Id=306;
c= 4;
n= 46;
td=[ 16 11 18 19 17 19 16 18 19 14 10 17 20 24 27 27 16 17 18 34 19 14 17 17 27 13 16 17 20 17 15 17 23 24 15 17 19 10 24 18 12 14 19 15 17  8];
a=[ 500 510 530 540 560 570 580 580 580 590 600 600 600 600 600 600 610 610 610 610 610 620 620 620 620 630 630 640 640 650 660 660 660 660 680 680 680 690 690 700 700 710 720 740 740 760];
b=[ 560 590 570 600 620 650 640 640 640 670 660 660 660 660 660 660 650 650 650 650 690 680 680 680 680 670 710 700 700 690 720 720 720 720 740 740 740 730 730 720 760 750 780 800 800 780];
