/*********************************************
 * OPL 12.2 Data
 * Author: mireia.roca
 * Creation Date: 14/03/13
*********************************************/


Id=220;
c= 3;
n= 30;
td=[ 19 19 27 19 19 21 18 20 23 15 17 14 13 20 16  8 21 22 24 25 11 11 15 17 10 18 21 19 11 21];
a=[ 500 510 530 540 550 550 550 560 560 570 570 590 610 620 650 650 660 660 680 680 700 700 700 700 710 720 720 730 730 740];
b=[ 560 550 570 600 590 590 630 620 620 610 610 670 650 640 690 730 720 720 740 740 720 760 760 760 750 780 780 770 810 800];
