/*********************************************
 * OPL 12.2 Data
 * Author: mireia.roca
 * Creation Date: 27/03/13
*********************************************/


Id=340;
c= 4;
n= 73;
td=[ 15 17 16 25 21 27 29 15 16 16 20 26 13 14 28 11 22 24 26 26 22 28 13 16 20 23 16 26 13 20 21 15 12 14 20 14 25 21  9 13 17 17 18 20 29 13 17 20 20 21 12 22 26 10 13 16 17 19 21 18 19 23 16 14 14 19 17 24 13 18 16 19 18];
a=[ 520 540 560 560 570 570 570 580 580 580 580 580 590 590 590 600 600 600 600 600 610 610 620 620 620 620 650 660 680 690 700 710 720 730 730 760 770 950 970 970 970 970 970 970 970 990 990 990 1000 1000 1010 1010 1010 1010 1010 1010 1010 1010 1010 1020 1020 1020 1030 1030 1030 1030 1040 1040 1050 1050 1060 1070 1070];
b=[ 580 600 580 620 610 610 610 640 640 640 640 640 630 630 630 620 660 660 660 660 650 650 680 680 680 680 730 720 740 770 760 750 780 770 770 820 810 1010 1030 1030 1030 1030 1030 1030 1030 1050 1050 1050 1040 1040 1030 1030 1030 1070 1070 1070 1070 1070 1070 1060 1060 1100 1050 1090 1090 1090 1080 1080 1110 1110 1100 1090 1130];
