/*********************************************
 * OPL 12.2 Data
 * Author: mireia.roca
 * Creation Date: 14/03/13
*********************************************/


Id=213;
c= 5;
n= 64;
td=[ 16 17 24 25 28 16 23 27 14 21 12 27 26 15 17  7 19 16 18 11 16 16 33 21 15 16 18 19 21 22 22 21  9 14 14 18 19 19 20 24 14 18 25 14 12 14 21 14  9 12 14 16 35 18 19 19 20 14 18 25 18 20 16 13];
a=[ 520 520 520 520 520 530 540 540 550 550 550 550 560 570 580 590 590 590 600 600 600 600 600 610 620 620 620 620 620 630 630 640 640 640 640 640 640 640 640 640 650 650 650 650 660 660 660 670 680 680 680 680 680 690 690 690 700 700 700 700 720 720 730 750];
b=[ 580 580 580 580 580 570 600 600 590 590 630 630 620 610 640 630 630 670 620 660 660 660 660 650 680 680 680 680 680 710 710 660 700 700 700 700 700 700 700 700 690 690 690 730 680 720 720 710 740 740 740 740 740 730 730 770 720 760 760 760 740 740 770 790];
