/*********************************************
 * OPL 12.2 Data
 * Author: mireia.roca
 * Creation Date: 14/03/13
*********************************************/


Id=218;
c= 8;
n=146;
td=[  9 18 12 37 14 17 21 25 26 27 15 15 19 21 30 21 13 14 15 16 21 22 16 24 13 20 21 10 14 15 20 20 21 23 10 13 15 18 18 17 18 14  8 10 14 16 20 27 11 17 19 21 23 28 23 27 16 13 16 19 20 21 21 22 22 24 25 11 13 16 16 18 14 17 21 15 20 10 13 15 20 23 23 26 27 13 11 11 14 14 16 17 17 22 23 28 28  5 14 19 25 11 21 13 16 19 21 23 23 25 11 12 13 14 28 16 19 14 18 23 23 33  9 16 19 21 17  9 15 19 21 23  7 14 17 20  9 23  9 19 24 13 13 21 23 17];
a=[ 480 480 490 490 500 500 500 500 500 500 510 510 510 510 510 510 520 520 520 520 520 520 530 530 530 530 530 540 540 540 540 540 540 540 550 550 550 550 550 550 550 560 560 560 560 560 560 560 570 570 570 570 570 570 570 570 580 580 580 580 580 580 580 580 580 580 580 590 590 590 590 590 590 590 590 600 600 600 600 600 600 600 600 600 600 610 620 620 620 620 620 620 620 620 620 620 620 630 630 630 630 630 640 640 640 640 640 640 640 640 650 650 650 650 650 650 660 660 660 660 660 660 670 670 670 670 680 690 690 690 690 690 700 700 700 700 710 710 720 720 720 740 740 750 750 760];
b=[ 540 540 570 570 560 560 560 560 560 560 550 550 550 550 550 590 580 580 580 580 580 580 570 570 610 610 610 600 600 600 600 600 600 600 590 590 590 590 590 630 630 580 620 620 620 620 620 620 610 610 610 610 610 610 650 650 600 640 640 640 640 640 640 640 640 640 640 630 630 630 630 630 670 670 670 620 620 660 660 660 660 660 660 660 660 650 640 680 680 680 680 680 680 680 680 680 680 670 670 670 670 710 660 700 700 700 700 700 700 700 690 690 690 690 690 730 680 720 720 720 720 720 710 710 710 710 740 730 730 730 730 730 760 760 760 760 750 750 780 780 780 800 800 790 790 820];
