/*********************************************
 * OPL 12.2 Data
 * Author: mireia.roca
 * Creation Date: 14/03/13
*********************************************/


Id=209;
c= 5;
n= 48;
td=[ 15 11 12 22 28 14 17 17 13 12 16 21 26 15 17 13 23 12 24 17 20 21  9 19 18 20 13 15 22 24 12 21 24 18 14 17 17 18 18 13 13 18 24 14 24 11 19 15];
a=[ 520 540 540 540 550 560 560 570 580 580 580 590 590 600 600 610 610 610 610 620 620 620 630 630 640 640 640 640 640 640 650 650 650 650 660 660 660 660 660 670 670 670 670 670 690 700 740 750];
b=[ 540 600 600 600 630 620 620 650 600 640 640 670 670 660 660 650 650 690 690 680 680 680 670 670 660 660 700 700 700 700 690 690 690 730 720 720 720 720 720 710 710 710 710 750 730 760 800 790];
