/*********************************************
 * OPL 12.2 Data
 * Author: mireia.roca
 * Creation Date: 14/03/13
*********************************************/


Id=233;
c= 2;
n= 50;
td=[ 12 27 16 18 14 16 17 21 22 26 16 16 17 27 20 15 26 13 16 18 25  7 11 22 28 18 19 19 16 25 14  8 17 18 24 23 25 26 14 15 16 20 17 22 15 25 32 18 20 14];
a=[ 500 540 540 540 560 560 560 560 560 580 600 610 620 620 640 650 650 660 660 680 680 690 690 700 750 950 950 970 980 980 990 990 990 990 990 1000 1000 1000 1010 1010 1010 1010 1020 1030 1050 1050 1050 1050 1050 1090];
b=[ 560 560 600 600 620 620 620 620 620 640 660 650 640 680 700 730 730 680 720 740 740 730 770 760 790 1010 1010 1030 1020 1060 1010 1050 1050 1050 1050 1040 1040 1040 1070 1070 1070 1070 1060 1090 1070 1070 1070 1110 1110 1150];
