/*********************************************
 * OPL 12.2 Data
 * Author: mireia.roca
 * Creation Date: 14/03/13
*********************************************/


Id=245;
c= 8;
n=237;
td=[ 22  8 13 15 24 20 25 24 14 11 16 16 16  8 14 16 17 18 18 20 21 22 30 22  9  9 12 16 17 19 24 26 31 17 20 21 22 23 21  7  7 10 12 14 15 15 17 17 19 22 25  9 17 18 20 20 31  6 12 26 20 18 19 20 20 22 23 14 14 22 27 19 24 25 17  9 11 11 14 14 15 19 25 18 21 23 23 30 21 19 20 20 22 22 22 18 19 20 20 20 23 19 21 21 22 22 19 10 13 13 20 25 17 17 11 14 18 13 26 24 13 18 19 27 17 21 19 13 15 13 15 18 21 16 24  9 11 13 16 16 19 19 23 10 13 16 18 22 25  8 12 13 13 14 15 16 19 20 20 20 20 23 23 23 27  2 11 12 16 14 16 11 12 12 15 18 18 19 19 21 21 22 24 26 18 18 18 21 21 28 23 11 13 10 18 20 21 21 21 23 25 26 29 13 15 16 19 19 25 17 24  9 12 12 15 17 18 18 25 11 11 14 22 22 24 25 26 17 19 23 20 34 24  7 13 16 22];
a=[ 510 520 520 520 520 530 530 530 540 540 540 540 540 560 560 560 560 560 560 560 560 560 560 570 580 580 580 580 580 580 580 580 580 590 590 590 590 590 590 600 600 600 600 600 600 600 600 600 600 600 600 610 610 610 610 610 610 610 610 610 620 620 620 620 620 620 620 630 630 630 630 630 630 630 640 640 640 640 640 640 640 640 640 650 650 650 650 650 650 660 660 660 660 660 660 670 670 670 670 680 680 680 680 680 690 690 690 700 700 700 700 700 710 710 730 730 730 740 750 920 930 930 930 930 940 940 940 950 950 960 960 960 960 960 960 970 970 970 970 970 980 980 980 980 980 980 980 980 980 990 990 990 990 990 990 990 990 990 990 990 990 990 990 990 1000 1000 1000 1000 1000 1010 1010 1010 1010 1010 1010 1010 1010 1010 1010 1010 1010 1010 1010 1010 1020 1020 1020 1020 1020 1020 1020 1030 1030 1030 1030 1030 1030 1030 1030 1030 1030 1030 1030 1040 1040 1040 1040 1040 1040 1040 1040 1050 1050 1050 1050 1050 1050 1050 1050 1060 1060 1060 1060 1060 1060 1060 1060 1070 1070 1070 1080 1080 1090 1090 1090 1090 1090];
b=[ 550 580 580 580 580 570 570 610 560 600 600 600 600 620 620 620 620 620 620 620 620 620 620 610 640 640 640 640 640 640 640 640 640 630 630 630 630 630 670 660 660 660 660 660 660 660 660 660 660 660 660 650 650 650 650 650 650 690 690 690 640 680 680 680 680 680 680 670 670 670 670 710 710 710 660 700 700 700 700 700 700 700 700 690 690 690 690 690 730 720 720 720 720 720 720 710 710 710 750 700 700 740 740 740 730 730 770 760 760 760 760 760 750 750 770 770 770 800 790 1000 990 990 990 990 980 980 1020 1010 1010 1000 1000 1000 1000 1040 1040 1030 1030 1030 1030 1030 1020 1020 1020 1060 1060 1060 1060 1060 1060 1050 1050 1050 1050 1050 1050 1050 1050 1050 1050 1050 1050 1050 1050 1050 1040 1080 1080 1080 1080 1030 1030 1070 1070 1070 1070 1070 1070 1070 1070 1070 1070 1070 1070 1070 1060 1060 1060 1060 1060 1060 1100 1050 1050 1090 1090 1090 1090 1090 1090 1090 1090 1090 1090 1080 1080 1080 1080 1080 1080 1120 1120 1110 1110 1110 1110 1110 1110 1110 1110 1100 1100 1100 1100 1100 1100 1100 1100 1130 1130 1130 1120 1120 1110 1150 1150 1150 1150];
