/*********************************************
 * OPL 12.2 Data
 * Author: mireia.roca
 * Creation Date: 14/03/13
*********************************************/


Id=244;
c= 7;
n=220;
td=[ 15 19 13  9 18 22 12 16 20 21 24 13 24 13 13 18 18 25 11 16 24 27 16  8 14 19 22 27 28 14 15 16 18 18 18 13 15 17 20 22 30  8 17 18 12 18 17 23 14 19 20 23  7 11 14 16 17 18 20 23 24 26 27 19 21 11 17 20 27 11 14 16 16 21 25 18 14 15 16 17 17 18 20 20 22 24 26 27 20 23 13 24 26 16 19 16 15 15 16 17 19 32 15 11 22  5 13 20 16 21 13 17 19 26 15  8 10 18 18 21 25 14 14 18 23 23 17 30 19 16 17 18 19 20 22 23 27 31 12 15 21 12 13 14 16 17 17 20 20 21 24 26 26 20 23 16 16 22 24  8 13 14 14 14 15 16 16 19 28 30 17 19 20 20 21 21 12 18 27 20 12 13 15 15 16 16 17 18 29 33 15 17 19 21 24 24 25 21  5 16 16 17 19 19 21 21 29 12 15 20 23 16 28  8 17 19 20 20 24 21];
a=[ 480 480 490 500 510 510 520 520 520 520 520 530 530 540 540 540 540 550 560 560 560 560 570 580 580 580 580 580 580 590 590 590 590 590 600 600 600 600 600 600 600 610 610 610 610 610 620 620 620 620 620 620 630 630 630 630 630 630 630 630 630 630 630 630 640 640 640 640 640 650 650 650 650 650 650 660 660 660 660 660 660 660 660 660 660 660 660 660 670 670 680 680 680 690 690 690 700 700 700 700 700 700 720 720 720 730 730 730 740 750 930 930 930 930 940 950 950 950 950 950 950 960 960 960 960 960 960 960 970 970 970 970 970 970 970 970 970 970 980 980 980 990 990 990 990 990 990 990 990 990 990 990 990 1000 1000 1000 1000 1000 1000 1010 1010 1010 1010 1010 1010 1010 1010 1010 1010 1010 1020 1020 1020 1020 1020 1020 1020 1020 1020 1030 1030 1030 1030 1030 1030 1030 1030 1030 1030 1030 1040 1040 1040 1040 1040 1040 1040 1050 1050 1050 1050 1050 1050 1050 1050 1050 1050 1060 1060 1060 1060 1060 1070 1070 1070 1070 1070 1070 1070 1090];
b=[ 540 540 530 560 550 550 580 580 580 580 580 570 570 600 600 600 600 590 620 620 620 620 610 640 640 640 640 640 640 630 630 630 630 630 620 660 660 660 660 660 660 650 650 650 690 690 640 640 680 680 680 680 670 670 670 670 670 670 670 670 670 670 670 710 660 700 700 700 700 690 690 690 690 690 690 680 720 720 720 720 720 720 720 720 720 720 720 720 710 710 740 740 740 730 730 770 760 760 760 760 760 760 740 780 780 770 770 770 800 790 990 990 990 990 980 1010 1010 1010 1010 1010 1010 1000 1000 1000 1000 1000 1040 1040 990 1030 1030 1030 1030 1030 1030 1030 1030 1030 1020 1020 1020 1050 1050 1050 1050 1050 1050 1050 1050 1050 1050 1050 1050 1040 1040 1080 1080 1080 1080 1070 1070 1070 1070 1070 1070 1070 1070 1070 1070 1070 1060 1060 1060 1060 1060 1060 1100 1100 1100 1050 1090 1090 1090 1090 1090 1090 1090 1090 1090 1090 1080 1080 1080 1080 1080 1080 1080 1070 1110 1110 1110 1110 1110 1110 1110 1110 1110 1100 1100 1100 1100 1140 1090 1130 1130 1130 1130 1130 1130 1150];
