/*********************************************
 * OPL 12.2 Data
 * Author: mireia.roca
 * Creation Date: 27/03/13
*********************************************/


Id=333;
c= 6;
n=103;
td=[ 14 21 21 25 11 17 19 24 12 25 11 21 16 16 12 19 24 15 21 22 13 15 15 20 17 16 21 25 11 16 20 16 24  8 16 16 19 23 17 16 20 21 27  5 12 24 18 20 26 17 19 22 15 13 17 21 17 10 21 11 13 19 13 15 16 17 20 22 26 15 22 21 12 12 14 17 19 24 26 27 14 15 16 22 15 15 19 20 20 24 25 15 22 26 26  8 20 23 16 22 25 19 19];
a=[ 510 510 520 520 540 540 540 540 550 550 560 560 570 570 570 580 580 590 590 590 590 600 600 610 610 620 620 620 630 630 640 660 660 670 670 670 670 670 680 690 690 690 690 700 700 700 710 720 730 740 760 760 940 960 960 960 960 970 970 980 980 980 990 990 990 990 990 990 990 1000 1000 1010 1010 1010 1010 1010 1010 1010 1010 1010 1020 1020 1020 1020 1030 1030 1030 1030 1030 1030 1030 1040 1040 1040 1040 1050 1050 1050 1060 1070 1070 1080 1090];
b=[ 550 550 580 580 600 600 600 600 590 630 620 620 610 610 650 640 640 630 630 630 670 620 660 650 690 680 680 680 670 670 700 680 720 710 710 750 750 750 740 730 730 730 730 760 760 760 750 780 770 800 820 820 980 1000 1000 1000 1040 990 1030 1020 1020 1020 1050 1050 1050 1050 1050 1050 1050 1040 1040 1030 1070 1070 1070 1070 1070 1070 1070 1070 1060 1060 1100 1100 1090 1090 1090 1090 1090 1090 1090 1080 1080 1120 1120 1070 1110 1110 1100 1130 1130 1120 1150];
