/*********************************************
 * OPL 12.2 Data
 * Author: mireia.roca
 * Creation Date: 14/03/13
*********************************************/


Id=204;
c= 6;
n= 58;
td=[ 22 25 12 18 14 13 18 14 15 16 20 12 17 26 30 21 22 14 19 23 22 23 26 11 12  9 14 17 11 15 16 21 18 21 13 19 20 19 14 18 18 25 27 15 25 16 21 14 15 19 20 20 21 18 17 24 17  9];
a=[ 500 500 510 510 520 530 530 530 540 540 540 550 560 560 560 570 570 570 580 580 600 600 600 610 620 620 620 620 630 630 630 630 640 640 650 650 650 660 660 660 660 660 660 670 670 680 680 680 680 680 680 680 690 700 700 710 720 730];
b=[ 560 560 550 550 580 570 570 610 600 600 600 590 620 620 620 610 610 650 640 640 660 660 660 650 640 680 680 680 670 670 670 670 700 700 690 690 690 680 720 720 720 720 720 710 710 700 700 740 740 740 740 740 770 720 760 750 780 810];
