/*********************************************
 * OPL 12.2 Data
 * Author: mireia.roca
 * Creation Date: 14/03/13
*********************************************/


Id=207;
c= 5;
n= 92;
td=[ 15 26 19 18 23 13 13 14 19 21 11 25 16 18 22 20 18 39 14 15 16 17 19 22 23 12 16 16 16 17 17 17 21 14 14  9 11 14 18 21 23 14 24 10 13 22 23 24 12 13 15 16 16 17 18 22 13 22 25 18 15 17  5 16 10 19 30  9 17 18 10 19 13 18 17 11 28 28 22 18 16 18 18 21 24 13 15 19 17 24 17 13];
a=[ 480 490 500 510 510 510 520 520 520 530 530 540 540 540 540 550 560 560 560 560 560 560 570 570 570 580 580 580 580 580 590 590 590 590 590 600 600 600 600 600 600 610 610 610 610 610 610 610 620 620 620 620 620 620 620 620 630 630 630 640 640 640 650 650 660 660 660 670 670 670 670 670 680 680 690 700 700 700 710 720 720 720 720 720 720 730 730 730 730 750 760 770];
b=[ 540 570 560 550 550 590 580 580 580 570 610 560 600 600 600 590 580 580 620 620 620 620 610 650 650 600 640 640 640 640 630 630 630 670 670 660 660 660 660 660 660 650 650 690 690 690 690 690 640 680 680 680 680 680 680 680 670 670 670 660 700 700 690 690 720 720 720 710 710 710 750 750 740 740 730 760 760 760 750 740 780 780 780 780 780 770 770 770 810 790 820 810];
