/*********************************************
 * OPL 12.2 Data
 * Author: mireia.roca
 * Creation Date: 14/03/13
*********************************************/


Id=238;
c= 6;
n=137;
td=[ 17 14 16 24 27 29 24 16 16 17 18  6 13 11 13 26 31 13 10 16 21 23 24 26 17 26 12 15 17 17 21 21 24 11 25 11 12 13 18 23 13 16 18 30 13 20 11 16 17 20  7 19 24 25 18 15 16 17 19 20 21 15 17 17 19 22 21 17 24 21 14 15 21 16 16 19 13 20 20 21 20 22 11 20  7 15 15 20 23 26 10 12 15 28 12 18 21 15 20 23 23 32 12 16 16 19 22 23 21 12 12 18 19 20 21 24 18 20 15 16 19 22 27 27 17 20 20 21 14 17 11 27 19 17 18 19 23];
a=[ 530 540 540 540 540 540 560 560 560 560 560 570 570 580 580 580 590 590 600 600 600 600 600 600 610 610 610 620 620 620 620 620 620 630 630 640 640 640 640 640 650 650 650 650 660 660 670 680 680 680 690 690 690 690 700 700 700 710 710 710 710 720 720 720 720 720 730 740 750 930 950 950 950 960 960 960 970 970 970 970 980 980 980 980 990 990 990 990 990 990 1000 1000 1000 1000 1000 1010 1010 1010 1010 1010 1010 1010 1020 1020 1020 1020 1020 1020 1020 1030 1030 1030 1030 1030 1030 1030 1040 1040 1050 1050 1050 1050 1050 1050 1060 1060 1060 1060 1070 1070 1080 1080 1090 1090 1090 1090 1090];
b=[ 570 600 600 600 600 600 580 620 620 620 620 610 610 640 640 640 630 670 660 660 660 660 660 660 650 650 690 680 680 680 680 680 680 670 670 700 700 700 700 700 690 690 690 690 720 720 710 740 740 740 730 730 730 730 720 760 760 750 750 750 750 780 780 780 780 780 770 800 790 990 1010 1010 1010 1000 1000 1000 1030 1030 1030 1030 1020 1020 1060 1060 1050 1050 1050 1050 1050 1050 1040 1040 1040 1040 1080 1030 1030 1070 1070 1070 1070 1070 1060 1060 1060 1060 1060 1060 1100 1050 1090 1090 1090 1090 1090 1090 1080 1120 1110 1110 1110 1110 1110 1110 1100 1100 1100 1100 1130 1130 1120 1120 1110 1150 1150 1150 1150];
