/*********************************************
 * OPL 12.2 Data
 * Author: mireia.roca
 * Creation Date: 14/03/13
*********************************************/


Id=210;
c= 6;
n= 73;
td=[ 20 22 11 15 19 21 14 19 22 25 20 11 20 25 26 19 12 12 12 16 16 17 18 20 21 16 20 14 15 17 17 20 22 24  7 15 17 19 20 22 23 11 16 17 17 22 24 16 16 20 18 24 23 25 14 17 18 18 12 17 17 26 20 23 24 14 14 20 18 20 22 13 10];
a=[ 500 500 510 520 530 530 540 540 540 540 550 560 560 560 560 570 570 570 580 580 580 580 580 580 590 590 590 600 600 600 600 600 610 620 620 620 620 620 620 620 620 630 640 640 640 640 640 650 650 650 660 660 670 680 680 680 690 700 700 700 700 700 710 710 710 720 720 720 730 740 740 750 780];
b=[ 560 560 590 580 610 610 600 600 600 600 590 620 620 620 620 610 650 650 640 640 640 640 640 640 630 670 670 660 660 660 660 660 690 640 680 680 680 680 680 680 680 670 700 700 700 700 700 690 690 690 720 720 710 700 740 740 770 720 760 760 760 760 750 750 750 740 780 780 770 760 800 830 800];
