/*********************************************
 * OPL 12.2 Data
 * Author: mireia.roca
 * Creation Date: 14/03/13
*********************************************/


Id=242;
c= 7;
n=170;
td=[ 17 20 24 13  6  9 26 21  8 20 13 18 17 11 12 15 16 21 22 23 29 13 20  6 11 15 16 16 17 18 21 16 23 11 13 15 17 18 21 22 28 17 23 13 26  7 17 18 18 21 21 22 25 14 19 19 14 16 17 18 18 21 25 16 17 17 21 23 19 20 12 16 20 22 12 16 19  9 13 14 16 20 21 10 23 20 11 16 17 14 15 17 17 18 12 21  9 10 16 18 20 22 24 21 24 14 16 17 19 19 21 22 22 14 15 18 25 14 18 10  6 14 15 17 17 21 21 21 21 22 22 12 12 21 27 24 15 10 17 17 20 21 21 22 23 28 13 15 18 19 21 11 14 16 22 12 18 18 15 16 19 23 14 16 16 19 14 21 23 23];
a=[ 520 520 520 540 550 550 550 560 560 560 570 570 580 580 580 580 580 580 590 590 590 590 590 600 600 600 600 600 600 600 600 610 610 620 620 620 620 620 620 620 620 630 630 630 640 640 640 640 640 640 640 640 640 650 650 650 660 660 660 660 660 660 660 670 670 670 670 670 670 670 680 680 680 680 690 690 690 700 700 700 700 700 700 710 730 930 940 940 940 950 950 950 950 950 960 960 970 970 970 970 970 970 980 980 990 990 990 990 990 990 990 990 990 1000 1000 1000 1000 1000 1000 1010 1010 1010 1010 1010 1010 1010 1010 1010 1010 1010 1010 1020 1020 1020 1020 1020 1030 1030 1030 1030 1030 1030 1030 1030 1030 1030 1040 1040 1040 1040 1040 1040 1040 1040 1040 1050 1050 1050 1050 1050 1050 1050 1060 1060 1060 1060 1060 1060 1070 1070];
b=[ 580 580 580 600 590 590 590 580 620 620 610 610 600 640 640 640 640 640 630 630 630 670 670 660 660 660 660 660 660 660 660 650 650 680 680 680 680 680 680 680 680 670 670 710 660 700 700 700 700 700 700 700 700 690 690 730 720 720 720 720 720 720 720 710 710 710 710 710 750 750 740 740 740 740 730 730 730 760 760 760 760 760 760 750 770 990 1020 1020 1020 1010 1010 1010 1010 1010 1000 1000 1030 1030 1030 1030 1030 1030 1020 1060 1010 1050 1050 1050 1050 1050 1050 1050 1050 1040 1040 1040 1040 1080 1080 1030 1070 1070 1070 1070 1070 1070 1070 1070 1070 1070 1070 1060 1060 1060 1060 1100 1050 1090 1090 1090 1090 1090 1090 1090 1090 1090 1080 1080 1080 1080 1080 1120 1120 1120 1120 1070 1070 1070 1110 1110 1110 1110 1100 1100 1100 1100 1140 1140 1130 1130];
