/*********************************************
 * OPL 12.2 Data
 * Author: mireia.roca
 * Creation Date: 09/05/13
*********************************************/


Id=519;
c= 3;
n= 29;
td=[  7 20 12 24 12 12 21 23 17 21 22 34 36 20 22 18 26 20 22 26 26 27 28 18 22 16 22 32 17];
a=[ 500 510 520 520 530 540 540 540 550 550 560 560 560 570 580 590 590 620 630 630 630 630 640 640 650 660 660 710 730];
b=[ 560 550 540 580 570 600 600 600 590 590 620 620 620 610 640 630 630 680 670 670 670 670 660 700 690 720 720 790 770];
